Angelic Tears
SHIKI
146 60 0
1 000 0.00
4 000 0.00
3 000 4.00
1 000 8.00
2 000 8.00
3 000 12.00
1 000 16.00
3 000 20.00
1 000 24.00
2 000 24.00
3 000 28.00
1 000 32.00
3 000 36.00
1 000 40.00
2 000 40.00
3 000 44.00
1 000 48.00
3 000 50.00
2 000 52.00
1 000 56.00
4 000 56.00
3 000 60.00
1 000 64.00
3 000 68.00
1 000 72.00
2 000 72.00
3 000 76.00
1 000 80.00
3 000 84.00
1 000 88.00
2 000 88.00
3 000 92.00
1 000 96.00
3 000 100.00
2 000 104.00
3 000 108.00
1 000 112.00
3 000 114.00
2 000 116.00
4 000 120.00
2 000 124.00
3 000 124.00
2 000 126.00
3 000 126.00
1 000 128.00
4 028 128.00
3 000 132.00
1 000 136.00
2 000 136.00
3 000 140.00
1 000 144.00
3 000 148.00
1 000 152.00
2 000 152.00
3 000 156.00
1 028 160.00
4 000 160.00
3 000 164.00
3 000 168.00
4 000 168.00
2 000 172.00
4 000 176.00
2 000 178.00
3 000 180.00
2 000 184.00
4 000 184.00
3 000 188.00
3 000 192.00
4 028 192.00
2 000 194.00
1 000 196.00
3 000 198.00
2 000 200.00
1 000 202.00
3 000 204.00
1 000 206.00
3 000 208.00
2 000 210.00
1 000 212.00
3 000 214.00
2 000 216.00
1 000 218.00
2 000 220.00
3 000 222.00
1 028 224.00
4 000 224.00
3 000 226.00
2 000 228.00
4 000 230.00
3 000 232.00
2 000 234.00
4 000 236.00
2 000 238.00
3 000 240.00
2 000 242.00
3 000 244.00
4 000 246.00
3 000 248.00
2 000 250.00
4 000 252.00
3 000 254.00
1 000 256.00
4 000 256.00
2 000 258.00
3 000 260.00
4 000 262.00
1 000 264.00
3 000 264.00
2 000 266.00
3 000 268.00
2 000 270.00
4 000 272.00
1 000 274.00
2 000 276.00
3 000 278.00
1 000 280.00
4 000 280.00
3 000 282.00
4 000 284.00
3 000 286.00
2 000 288.00
1 000 290.00
2 000 292.00
3 000 294.00
1 000 296.00
4 000 296.00
2 000 298.00
1 000 300.00
2 000 302.00
4 000 304.00
2 000 306.00
3 000 308.00
4 000 310.00
2 000 312.00
3 000 312.00
1 000 314.00
2 000 316.00
1 000 318.00
3 000 320.00
1 000 322.00
2 000 324.00
3 000 326.00
2 000 328.00
4 000 328.00
1 000 330.00
3 000 332.00
2 000 334.00
4 000 336.00
1 000 338.00
2 000 340.00
3 000 342.00
1 000 344.00
4 000 344.00
2 000 346.00
3 000 348.00
2 000 350.00
4 000 352.00
1 000 354.00
2 000 356.00
3 000 358.00
1 000 360.00
4 000 360.00
2 000 362.00
1 000 364.00
2 000 366.00
4 000 368.00
1 000 370.00
3 000 372.00
2 000 374.00
1 000 376.00
4 000 376.00
3 000 378.00
4 000 380.00
3 000 382.00
4 000 384.00
2 000 386.00
3 000 388.00
4 000 390.00
1 000 392.00
3 000 392.00
2 000 394.00
3 000 396.00
2 000 398.00
4 000 400.00
1 000 402.00
2 000 404.00
3 000 406.00
1 000 408.00
4 000 408.00
3 000 410.00
4 000 412.00
3 000 414.00
2 000 416.00
1 000 418.00
2 000 420.00
3 000 422.00
1 000 424.00
4 000 424.00
2 000 426.00
1 000 428.00
2 000 430.00
4 000 432.00
2 000 434.00
3 000 436.00
4 000 438.00
2 000 440.00
3 000 440.00
1 000 442.00
2 000 444.00
1 000 446.00
4 000 448.00
3 000 450.00
2 000 452.00
1 000 454.00
3 000 456.00
4 000 456.00
1 000 458.00
2 000 460.00
3 000 462.00
1 000 464.00
4 000 466.00
3 000 468.00
2 000 470.00
3 000 472.00
4 000 472.00
1 000 474.00
2 000 476.00
3 000 478.00
1 000 480.00
4 000 480.00
3 000 482.00
2 000 484.00
1 000 486.00
3 000 488.00
4 000 488.00
1 000 490.00
2 000 492.00
3 000 494.00
1 000 496.00
2 000 496.00
4 000 498.00
3 000 500.00
1 000 502.00
2 000 502.00
1 000 504.00
3 000 504.00
2 000 506.00
1 000 508.00
3 000 508.00
4 000 510.00
1 000 512.00
3 000 512.00
1 000 520.00
2 000 520.00
1 000 528.00
3 000 532.00
1 000 536.00
2 000 536.00
3 000 540.00
1 000 544.00
4 000 544.00
1 000 552.00
2 000 552.00
1 000 560.00
2 000 562.00
4 000 564.00
1 000 568.00
2 000 568.00
3 000 572.00
2 000 576.00
4 000 576.00
3 000 584.00
4 000 584.00
4 000 592.00
1 000 596.00
3 000 600.00
4 000 600.00
2 000 604.00
1 000 608.00
4 000 608.00
1 000 616.00
3 000 616.00
2 000 624.00
4 000 624.00
1 000 626.00
3 000 628.00
2 000 632.00
4 000 632.00
2 000 636.00
3 000 636.00
2 000 638.00
3 000 638.00
1 000 640.00
4 000 640.00
1 000 648.00
2 000 648.00
1 000 656.00
3 000 660.00
1 000 664.00
2 000 664.00
3 000 668.00
2 000 672.00
4 000 672.00
3 000 680.00
4 000 680.00
4 000 688.00
3 000 690.00
1 000 692.00
3 000 696.00
4 000 696.00
2 000 700.00
1 000 704.00
3 000 704.00
3 000 712.00
2 000 720.00
4 000 720.00
2 000 728.00
1 000 732.00
2 000 734.00
3 000 736.00
4 000 736.00
2 000 738.00
1 000 740.00
3 000 742.00
1 000 744.00
4 000 744.00
2 000 746.00
3 000 748.00
2 000 750.00
1 000 752.00
3 000 752.00
4 000 754.00
2 000 756.00
1 000 758.00
4 000 758.00
1 000 760.00
3 000 760.00
2 000 762.00
1 000 764.00
3 000 764.00
4 000 766.00
1 000 768.00
2 000 768.00
3 000 768.00
4 000 772.00
1 000 776.00
4 000 780.00
1 000 784.00
2 000 788.00
3 000 788.00
1 000 792.00
2 000 796.00
3 000 796.00
1 000 800.00
3 000 800.00
4 000 800.00
2 000 804.00
1 000 808.00
2 000 812.00
1 000 816.00
3 000 820.00
4 000 820.00
1 000 824.00
2 000 828.00
3 000 828.00
1 000 832.00
2 000 832.00
4 000 832.00
3 000 836.00
4 000 840.00
3 000 844.00
4 000 848.00
1 000 852.00
2 000 852.00
4 000 856.00
2 000 860.00
3 000 860.00
3 000 864.00
4 000 864.00
1 000 868.00
2 000 872.00
3 000 872.00
4 000 876.00
1 000 880.00
2 000 880.00
4 000 882.00
2 000 884.00
3 000 884.00
1 000 888.00
4 000 888.00
1 000 892.00
4 000 892.00
1 000 894.00
4 000 894.00
2 000 896.00
3 000 896.00
4 000 900.00
1 000 904.00
4 000 908.00
1 000 912.00
2 000 916.00
3 000 916.00
1 000 920.00
2 000 924.00
3 000 924.00
1 000 928.00
3 000 928.00
4 000 928.00
2 000 932.00
1 000 936.00
2 000 940.00
4 000 944.00
1 000 948.00
2 000 948.00
4 000 952.00
2 000 956.00
3 000 956.00
1 012 960.00
4 000 960.00
3 000 964.00
4 000 968.00
3 000 972.00
1 000 976.00
4 012 976.00
2 000 980.00
1 000 984.00
2 000 988.00
3 000 990.00
1 000 992.00
4 000 992.00
3 000 994.00
2 000 996.00
3 000 998.00
1 000 1000.00
2 000 1002.00
3 000 1004.00
2 000 1006.00
3 000 1008.00
4 000 1010.00
2 000 1012.00
1 000 1014.00
3 000 1014.00
1 000 1016.00
4 000 1016.00
3 000 1018.00
1 000 1020.00
2 000 1020.00
3 000 1022.00
1 000 1024.00
4 000 1024.00
1 000 1028.00
2 000 1030.00
1 000 1034.00
2 000 1036.00
4 000 1036.00
3 000 1038.00
2 000 1040.00
4 000 1040.00
1 000 1044.00
4 000 1046.00
2 000 1048.00
3 000 1048.00
1 000 1050.00
4 000 1052.00
1 000 1056.00
3 000 1056.00
4 000 1060.00
2 000 1062.00
3 000 1062.00
1 000 1064.00
3 000 1066.00
2 000 1068.00
4 000 1068.00
1 000 1072.00
4 000 1072.00
2 000 1076.00
3 000 1078.00
4 000 1078.00
1 000 1080.00
2 000 1084.00
3 000 1084.00
1 000 1088.00
4 000 1088.00
3 000 1092.00
4 000 1094.00
2 000 1096.00
4 000 1098.00
1 000 1100.00
3 000 1100.00
2 000 1102.00
1 000 1104.00
3 000 1104.00
2 000 1108.00
1 000 1112.00
4 000 1112.00
3 000 1116.00
2 000 1120.00
4 000 1120.00
1 000 1124.00
2 000 1126.00
3 000 1126.00
4 000 1128.00
3 000 1130.00
1 000 1132.00
2 000 1132.00
3 000 1136.00
4 000 1136.00
2 000 1140.00
3 000 1142.00
1 000 1144.00
4 000 1144.00
2 000 1146.00
3 000 1148.00
3 000 1152.00
4 000 1152.00
1 000 1154.00
4 000 1156.00
1 000 1158.00
4 000 1160.00
1 000 1162.00
3 000 1164.00
4 000 1164.00
1 000 1166.00
2 000 1166.00
3 000 1168.00
4 000 1168.00
1 000 1170.00
4 000 1172.00
1 000 1174.00
2 000 1176.00
4 000 1176.00
1 000 1178.00
4 000 1180.00
1 000 1182.00
2 000 1184.00
4 000 1184.00
1 000 1186.00
4 000 1188.00
1 000 1190.00
3 000 1190.00
4 000 1192.00
1 000 1194.00
3 000 1196.00
4 000 1196.00
1 000 1198.00
2 000 1200.00
4 000 1200.00
1 000 1202.00
4 000 1204.00
1 000 1206.00
3 000 1206.00
4 000 1208.00
1 000 1210.00
2 000 1212.00
4 000 1212.00
1 000 1214.00
4 000 1216.00
3 000 1217.33
2 000 1218.66
1 000 1220.00
2 000 1222.00
1 000 1224.00
2 000 1226.00
1 000 1228.00
2 000 1230.00
1 000 1232.00
2 000 1233.33
3 000 1234.66
4 000 1236.00
2 000 1238.00
3 000 1240.00
2 000 1242.00
3 000 1244.00
2 000 1246.00
4 000 1248.00
3 000 1249.33
2 000 1250.66
1 000 1252.00
3 000 1253.33
2 000 1254.66
4 000 1256.00
3 000 1257.33
2 000 1258.66
1 000 1260.00
3 000 1261.33
2 000 1262.66
1 000 1264.00
4 000 1264.00
1 000 1266.00
4 000 1266.00
1 000 1270.00
4 000 1270.00
1 000 1274.00
4 000 1274.00
2 000 1278.00
3 000 1278.00
1 000 1280.00
4 000 1280.00
2 000 1284.00
3 000 1286.00
1 000 1288.00
2 000 1288.00
3 000 1290.00
3 000 1294.00
1 000 1296.00
3 000 1298.00
3 000 1302.00
2 000 1304.00
4 000 1304.00
1 000 1306.00
2 000 1308.00
3 000 1310.00
1 000 1312.00
4 000 1312.00
3 000 1316.00
4 000 1318.00
1 000 1320.00
3 000 1320.00
4 000 1322.00
4 000 1326.00
1 000 1328.00
4 000 1330.00
4 000 1334.00
1 000 1336.00
3 000 1336.00
3 000 1338.00
2 000 1340.00
2 000 1342.00
1 000 1344.00
4 000 1344.00
1 000 1348.00
2 000 1350.00
1 000 1352.00
4 000 1352.00
2 000 1354.00
2 000 1358.00
4 000 1360.00
2 000 1362.00
1 000 1364.00
1 000 1366.00
3 000 1368.00
2 000 1370.00
4 000 1372.00
4 000 1374.00
1 000 1376.00
3 000 1376.00
2 000 1380.00
3 000 1382.00
1 000 1384.00
2 000 1384.00
3 000 1386.00
4 000 1390.00
1 000 1392.00
4 000 1394.00
3 000 1398.00
1 000 1400.00
4 000 1400.00
2 000 1404.00
4 000 1404.00
2 000 1406.00
3 000 1406.00
1 000 1408.00
4 000 1408.00
2 000 1412.00
3 000 1414.00
1 000 1416.00
2 000 1416.00
3 000 1418.00
3 000 1422.00
1 000 1424.00
3 000 1426.00
3 000 1430.00
2 000 1432.00
4 000 1432.00
1 000 1434.00
2 000 1436.00
3 000 1438.00
1 000 1440.00
4 000 1440.00
3 000 1444.00
4 000 1446.00
1 000 1448.00
3 000 1448.00
4 000 1450.00
4 000 1454.00
1 000 1456.00
4 000 1458.00
4 000 1462.00
3 000 1464.00
1 000 1466.00
3 000 1466.00
2 000 1468.00
2 000 1470.00
1 000 1472.00
3 000 1472.00
1 000 1476.00
2 000 1478.00
1 000 1480.00
4 000 1480.00
3 000 1482.00
2 000 1486.00
4 000 1488.00
2 000 1490.00
1 000 1492.00
1 000 1494.00
3 000 1496.00
2 000 1498.00
4 000 1500.00
4 000 1502.00
1 000 1504.00
3 000 1504.00
2 000 1508.00
3 000 1510.00
1 000 1512.00
2 000 1512.00
3 000 1514.00
4 000 1518.00
1 000 1520.00
4 000 1522.00
3 000 1526.00
1 000 1528.00
4 000 1528.00
2 000 1532.00
4 000 1532.00
2 000 1534.00
4 000 1534.00
1 000 1536.00
3 000 1536.00
1 000 1540.00
3 000 1540.00
2 000 1542.00
4 000 1542.00
1 000 1544.00
3 000 1544.00
2 000 1546.00
4 000 1546.00
2 000 1550.00
4 000 1550.00
2 000 1554.00
4 000 1554.00
4 000 1558.00
2 000 1560.00
3 000 1560.00
1 000 1562.00
3 000 1564.00
4 000 1564.00
1 000 1566.00
2 000 1568.00
4 000 1568.00
2 000 1572.00
4 000 1572.00
1 000 1574.00
3 000 1574.00
2 000 1576.00
4 000 1576.00
1 000 1578.00
3 000 1578.00
1 000 1582.00
3 000 1582.00
1 000 1586.00
3 000 1586.00
1 000 1590.00
2 000 1592.00
3 000 1592.00
4 000 1594.00
1 000 1596.00
2 000 1596.00
4 000 1598.00
2 000 1600.00
3 000 1600.00
2 000 1604.00
3 000 1604.00
1 000 1606.00
4 000 1606.00
2 000 1608.00
3 000 1608.00
1 000 1610.00
4 000 1610.00
1 000 1614.00
4 000 1614.00
4 000 1618.00
1 000 1620.00
2 000 1620.00
4 000 1622.00
2 000 1624.00
3 000 1624.00
1 000 1626.00
3 000 1628.00
4 000 1628.00
2 000 1630.00
1 000 1632.00
4 000 1632.00
1 000 1636.00
4 000 1636.00
2 000 1638.00
3 000 1638.00
1 000 1640.00
4 000 1640.00
2 000 1642.00
3 000 1642.00
1 000 1646.00
4 000 1646.00
1 000 1650.00
4 000 1650.00
2 000 1654.00
3 000 1654.00
1 000 1656.00
4 000 1656.00
2 000 1660.00
4 000 1660.00
2 000 1662.00
4 000 1662.00
1 000 1664.00
3 000 1664.00
1 000 1668.00
3 000 1668.00
2 000 1670.00
4 000 1670.00
1 000 1672.00
3 000 1672.00
2 000 1674.00
4 000 1674.00
2 000 1678.00
4 000 1678.00
2 000 1682.00
4 000 1682.00
4 000 1686.00
2 000 1688.00
3 000 1688.00
1 000 1690.00
3 000 1692.00
4 000 1692.00
1 000 1694.00
2 000 1696.00
4 000 1696.00
2 000 1700.00
4 000 1700.00
1 000 1702.00
3 000 1702.00
2 000 1704.00
4 000 1704.00
1 000 1706.00
3 000 1706.00
1 000 1710.00
3 000 1710.00
1 000 1714.00
3 000 1714.00
1 000 1718.00
2 000 1720.00
3 000 1720.00
4 000 1722.00
1 000 1724.00
2 000 1724.00
3 000 1726.00
1 000 1728.00
4 000 1728.00
3 000 1730.00
2 000 1732.00
1 000 1734.00
3 000 1736.00
4 000 1736.00
1 000 1738.00
2 000 1740.00
3 000 1742.00
1 000 1744.00
4 000 1744.00
2 000 1746.00
3 000 1748.00
1 000 1750.00
3 000 1752.00
4 000 1752.00
1 000 1754.00
2 000 1756.00
3 000 1758.00
4 000 1760.00
3 000 1762.00
2 000 1764.00
1 000 1766.00
3 000 1768.00
2 000 1770.00
4 000 1772.00
3 000 1774.00
1 000 1776.00
4 000 1778.00
2 000 1780.00
3 000 1782.00
1 000 1784.00
2 000 1786.00
3 000 1788.00
4 000 1790.00
2 000 1792.00
3 000 1792.00
1 000 1800.00
2 000 1812.00
1 000 1816.00
3 000 1820.00
4 000 1824.00
1 000 1832.00
1 000 1842.00
4 000 1844.00
1 000 1848.00
3 000 1852.00
2 000 1856.00
4 000 1864.00
1 000 1876.00
4 000 1880.00
2 000 1884.00
4 000 1888.00
2 000 1896.00
4 000 1896.00
1 000 1904.00
3 000 1906.00
2 000 1908.00
1 000 1912.00
4 000 1912.00
2 000 1916.00
3 000 1916.00
2 000 1918.00
3 000 1918.00
1 000 1920.00
4 000 1928.00
1 000 1940.00
4 000 1944.00
2 000 1948.00
3 000 1952.00
1 000 1960.00
1 000 1970.00
3 000 1972.00
1 000 1976.00
2 000 1980.00
3 000 1984.00
1 000 1992.00
4 000 2000.00
1 000 2008.00
2 000 2012.00
3 000 2014.00
4 000 2016.00
3 000 2018.00
2 000 2020.00
1 000 2022.00
3 000 2024.00
4 000 2026.00
2 000 2028.00
3 000 2030.00
1 000 2032.00
2 000 2034.00
3 000 2036.00
1 000 2038.00
4 000 2038.00
1 000 2040.00
3 000 2040.00
2 000 2042.00
1 000 2044.00
4 000 2044.00
2 000 2046.00
3 000 2046.00
1 000 2048.00
4 000 2048.00
2 000 2050.00
3 000 2052.00
4 000 2054.00
1 000 2056.00
2 000 2058.00
3 000 2060.00
2 000 2062.00
4 000 2064.00
3 000 2066.00
1 000 2068.00
2 000 2068.00
3 000 2070.00
4 000 2072.00
1 000 2074.00
2 000 2076.00
3 000 2076.00
1 000 2078.00
3 000 2080.00
4 000 2080.00
1 000 2082.00
2 000 2084.00
3 000 2086.00
1 000 2088.00
2 000 2090.00
3 000 2092.00
2 000 2094.00
4 000 2096.00
1 000 2098.00
3 000 2100.00
4 000 2100.00
2 000 2102.00
4 000 2104.00
1 000 2106.00
2 000 2108.00
3 000 2108.00
4 000 2110.00
1 000 2112.00
2 000 2112.00
3 000 2114.00
2 000 2116.00
4 000 2118.00
3 000 2120.00
2 000 2122.00
4 000 2124.00
1 000 2126.00
4 000 2128.00
3 000 2130.00
1 000 2132.00
2 000 2132.00
4 000 2134.00
1 000 2136.00
4 000 2138.00
2 000 2140.00
3 000 2140.00
1 000 2142.00
3 000 2144.00
4 000 2144.00
1 000 2146.00
2 000 2148.00
4 000 2150.00
2 000 2152.00
3 000 2152.00
1 000 2154.00
4 000 2156.00
3 000 2158.00
1 000 2160.00
2 000 2160.00
4 000 2162.00
2 000 2164.00
3 000 2164.00
1 000 2166.00
4 000 2168.00
2 000 2170.00
3 000 2172.00
2 000 2174.00
1 000 2176.00
4 000 2176.00
2 000 2178.00
3 000 2180.00
4 000 2182.00
1 000 2184.00
2 000 2186.00
3 000 2188.00
2 000 2190.00
4 000 2192.00
3 000 2194.00
1 000 2196.00
2 000 2196.00
3 000 2198.00
4 000 2200.00
1 000 2202.00
2 000 2204.00
3 000 2204.00
1 000 2206.00
3 000 2208.00
4 000 2208.00
2 000 2210.00
1 000 2212.00
4 000 2214.00
1 000 2216.00
2 000 2218.00
3 000 2220.00
2 000 2222.00
4 000 2224.00
3 000 2226.00
1 000 2228.00
2 000 2228.00
3 000 2230.00
4 000 2232.00
1 000 2234.00
2 000 2236.00
3 000 2236.00
1 000 2238.00
3 000 2240.00
4 000 2240.00
2 000 2242.00
3 000 2244.00
4 000 2246.00
2 000 2248.00
1 000 2250.00
3 000 2252.00
2 000 2254.00
1 000 2256.00
4 000 2256.00
3 000 2258.00
2 000 2260.00
3 000 2262.00
2 000 2264.00
1 000 2266.00
2 000 2268.00
3 000 2270.00
4 000 2272.00
3 000 2274.00
2 000 2276.00
4 000 2278.00
1 000 2280.00
2 000 2282.00
3 000 2284.00
1 000 2286.00
3 000 2288.00
2 000 2290.00
4 000 2292.00
3 000 2294.00
1 000 2296.00
2 000 2298.00
3 000 2300.00
4 000 2302.00
1 000 2304.00
3 000 2304.00
2 000 2306.00
3 000 2308.00
4 000 2310.00
1 000 2312.00
2 000 2312.00
3 000 2314.00
4 000 2316.00
2 000 2318.00
1 000 2320.00
4 000 2320.00
3 000 2322.00
2 000 2324.00
4 000 2326.00
1 000 2328.00
3 000 2328.00
2 000 2330.00
3 000 2332.00
4 000 2334.00
1 000 2336.00
3 000 2336.00
2 000 2338.00
3 000 2340.00
2 000 2342.00
1 000 2344.00
3 000 2344.00
4 000 2346.00
3 000 2348.00
2 000 2350.00
1 000 2352.00
4 000 2352.00
2 000 2354.00
3 000 2356.00
4 000 2358.00
1 000 2360.00
2 000 2360.00
4 000 2362.00
3 000 2364.00
2 000 2366.00
3 000 2368.00
4 000 2368.00
1 000 2370.00
2 000 2372.00
3 000 2374.00
1 000 2376.00
4 000 2376.00
3 000 2378.00
2 000 2380.00
1 000 2382.00
3 000 2384.00
4 000 2384.00
1 000 2386.00
2 000 2388.00
3 000 2390.00
1 000 2392.00
4 000 2392.00
2 000 2394.00
3 000 2396.00
2 000 2398.00
1 000 2400.00
4 000 2400.00
3 000 2402.00
2 000 2404.00
3 000 2406.00
1 000 2408.00
4 000 2408.00
3 000 2410.00
2 000 2412.00
1 000 2414.00
3 000 2416.00
4 000 2416.00
1 000 2418.00
2 000 2420.00
3 000 2422.00
1 000 2424.00
4 000 2424.00
2 000 2426.00
3 000 2428.00
2 000 2430.00
3 000 2432.00
4 000 2434.00
2 000 2436.00
3 000 2438.00
4 000 2440.00
1 000 2442.00
3 000 2444.00
2 000 2446.00
4 000 2448.00
2 000 2450.00
3 000 2452.00
4 000 2454.00
1 000 2456.00
2 000 2458.00
3 000 2460.00
2 000 2462.00
3 000 2464.00
1 000 2466.00
2 000 2468.00
3 000 2470.00
1 000 2472.00
2 000 2474.00
3 000 2476.00
1 000 2478.00
4 000 2480.00
1 000 2482.00
2 000 2484.00
3 000 2486.00
2 000 2488.00
1 000 2490.00
3 000 2492.00
2 000 2494.00
4 000 2496.00
1 000 2498.00
2 000 2500.00
3 000 2502.00
1 000 2504.00
2 000 2506.00
3 000 2508.00
1 000 2510.00
4 000 2512.00
2 000 2514.00
3 000 2516.00
4 000 2518.00
1 000 2520.00
2 000 2522.00
3 000 2524.00
2 000 2526.00
4 000 2528.00
1 000 2530.00
2 000 2532.00
3 000 2534.00
1 000 2536.00
2 000 2538.00
4 000 2540.00
3 000 2542.00
2 000 2544.00
1 000 2546.00
3 000 2548.00
4 000 2550.00
2 000 2552.00
3 000 2554.00
4 000 2556.00
2 000 2558.00
1 000 2560.00