Hyper Drive
MINIMONSTER
170 60 0
1 060 27.00
2 000 27.00
4 000 27.00
3 000 31.00
4 000 35.00
2 000 39.00
4 000 43.00
3 000 47.00
2 000 51.00
3 000 55.00
4 000 59.00
3 000 63.00
4 000 67.00
2 000 71.00
4 000 75.00
3 000 79.00
2 000 83.00
4 000 87.00
1 000 91.00
2 060 91.00
3 000 95.00
4 000 99.00
1 000 103.00
3 000 107.00
1 000 111.00
3 000 115.00
4 000 119.00
1 000 123.00
3 000 127.00
4 000 131.00
3 000 135.00
4 000 139.00
3 000 143.00
1 000 147.00
3 000 151.00
1 000 155.00
4 060 155.00
3 000 159.00
1 000 163.00
2 000 167.00
3 000 171.00
1 000 175.00
2 000 179.00
3 000 183.00
1 000 187.00
2 000 191.00
3 000 195.00
1 000 199.00
3 000 203.00
1 000 207.00
2 000 211.00
3 000 215.00
1 000 219.00
3 060 219.00
2 000 223.00
4 000 227.00
2 000 231.00
4 000 235.00
1 000 239.00
2 000 243.00
1 000 247.00
4 000 251.00
2 000 255.00
4 000 259.00
1 000 263.00
4 000 267.00
2 000 271.00
4 000 275.00
1 000 279.00
2 000 283.00
4 000 283.00
2 000 287.00
2 000 291.00
4 000 291.00
2 000 295.00
2 000 299.00
4 000 299.00
2 000 303.00
2 000 307.00
4 000 307.00
2 000 311.00
2 000 315.00
4 000 315.00
2 000 319.00
2 000 323.00
4 000 323.00
2 000 327.00
2 000 331.00
4 000 331.00
2 000 335.00
2 000 339.00
4 000 339.00
2 000 343.00
1 000 347.00
3 000 347.00
3 000 351.00
1 000 355.00
3 000 355.00
3 000 359.00
1 000 363.00
3 000 363.00
3 000 367.00
1 000 371.00
3 000 371.00
3 000 375.00
1 000 379.00
3 000 379.00
3 000 383.00
1 000 387.00
3 000 387.00
3 000 391.00
1 000 395.00
3 000 395.00
3 000 399.00
1 000 403.00
3 000 403.00
3 000 407.00
2 000 411.00
4 000 411.00
4 000 415.00
2 000 419.00
4 000 419.00
4 000 423.00
2 000 427.00
4 000 427.00
4 000 431.00
2 000 435.00
4 000 435.00
4 000 439.00
2 000 443.00
4 000 443.00
4 000 447.00
2 000 451.00
4 000 451.00
4 000 455.00
2 000 459.00
4 000 459.00
4 000 463.00
2 000 467.00
4 000 467.00
4 000 471.00
1 000 475.00
3 000 475.00
1 000 479.00
1 000 483.00
3 000 483.00
1 000 487.00
1 000 491.00
3 000 491.00
1 000 495.00
1 000 499.00
3 000 499.00
1 000 503.00
1 000 507.00
3 000 507.00
1 000 511.00
1 000 515.00
3 000 515.00
1 000 519.00
1 000 523.00
3 000 523.00
1 000 527.00
1 000 531.00
3 000 531.00
1 000 535.00
1 032 539.00
4 056 539.00
1 000 603.00
2 000 603.00
3 000 603.00
3 000 607.00
4 000 607.00
3 000 615.00
4 000 615.00
2 000 623.00
3 000 623.00
1 000 627.00
2 000 627.00
3 000 631.00
4 000 631.00
3 000 639.00
4 000 639.00
1 000 647.00
2 000 647.00
3 000 647.00
3 000 651.00
4 000 651.00
2 000 655.00
3 000 655.00
1 000 659.00
3 000 659.00
4 000 659.00
2 000 663.00
3 000 663.00
1 000 667.00
2 000 667.00
3 000 667.00
3 000 671.00
4 000 671.00
3 000 679.00
4 000 679.00
2 000 687.00
3 000 687.00
1 000 691.00
2 000 691.00
3 000 695.00
4 000 695.00
3 000 703.00
4 000 703.00
1 000 711.00
2 000 711.00
1 008 715.00
4 000 715.00
4 007 723.00
1 000 731.00
2 000 731.00
3 000 731.00
3 000 735.00
4 000 735.00
3 000 743.00
4 000 743.00
2 000 751.00
3 000 751.00
1 000 755.00
2 000 755.00
3 000 759.00
4 000 759.00
3 000 767.00
4 000 767.00
1 000 775.00
2 000 775.00
3 000 775.00
3 000 779.00
4 000 779.00
2 000 783.00
3 000 783.00
1 000 787.00
3 000 787.00
4 000 787.00
2 000 791.00
3 000 791.00
1 000 795.00
2 000 795.00
3 000 795.00
3 000 799.00
4 000 799.00
3 000 807.00
4 000 807.00
2 000 815.00
3 000 815.00
1 000 819.00
2 000 819.00
3 000 823.00
4 000 823.00
3 000 831.00
4 000 831.00
1 000 839.00
2 000 839.00
3 000 839.00
4 015 843.00
1 000 859.00
2 000 859.00
3 000 859.00
3 000 863.00
4 000 863.00
1 000 867.00
3 000 871.00
4 000 871.00
1 000 875.00
2 000 879.00
3 000 879.00
1 000 883.00
2 000 883.00
4 000 883.00
3 000 887.00
4 000 887.00
1 000 891.00
3 000 895.00
4 000 895.00
1 000 899.00
2 000 903.00
3 000 903.00
1 000 907.00
2 000 907.00
2 000 911.00
3 000 911.00
1 000 915.00
4 000 915.00
2 000 919.00
3 000 919.00
1 000 923.00
2 000 923.00
3 000 927.00
4 000 927.00
1 000 931.00
3 000 935.00
4 000 935.00
1 000 939.00
2 000 943.00
3 000 943.00
1 000 947.00
3 000 947.00
2 000 951.00
4 000 951.00
1 000 955.00
2 000 959.00
4 000 959.00
1 000 963.00
2 000 967.00
3 000 967.00
4 000 971.00
3 000 973.00
2 000 975.00
1 000 977.00
4 000 979.00
3 000 981.00
2 000 984.00
1 000 987.00
3 000 987.00
4 000 987.00
2 000 991.00
3 000 991.00
1 000 995.00
3 000 999.00
4 000 999.00
1 000 1003.00
2 000 1007.00
3 000 1007.00
1 000 1011.00
4 000 1011.00
2 000 1015.00
3 000 1015.00
1 000 1019.00
3 000 1023.00
4 000 1023.00
1 000 1027.00
2 000 1031.00
3 000 1031.00
1 000 1035.00
4 000 1035.00
2 000 1039.00
3 000 1039.00
1 000 1043.00
3 000 1043.00
4 000 1043.00
2 000 1047.00
3 000 1047.00
1 000 1051.00
3 000 1051.00
1 000 1055.00
2 000 1055.00
4 000 1055.00
1 000 1059.00
1 000 1063.00
3 000 1063.00
4 000 1063.00
1 000 1067.00
1 000 1071.00
3 000 1071.00
4 000 1071.00
1 000 1075.00
1 000 1079.00
3 000 1079.00
4 000 1079.00
3 000 1083.00
2 000 1085.00
3 000 1087.00
4 000 1087.00
2 000 1089.00
3 000 1091.00
2 000 1093.00
3 000 1095.00
4 000 1095.00
2 000 1097.00
2 008 1107.00
3 008 1107.00
1 008 1115.00
4 008 1115.00
3 000 1123.00
2 000 1125.00
3 000 1127.00
2 000 1129.00
4 000 1131.00
2 000 1133.00
3 000 1135.00
4 000 1137.00
1 000 1139.00
2 000 1141.00
3 000 1143.00
1 000 1145.00
4 000 1147.00
3 000 1149.00
2 000 1151.00
1 000 1153.00
4 000 1155.00
3 000 1157.00
2 000 1159.00
1 000 1161.00
3 000 1163.00
2 000 1165.00
4 000 1167.00
2 000 1169.00
3 000 1171.00
2 000 1173.00
1 000 1175.00
3 000 1177.00
1 008 1179.00
4 008 1179.00
3 000 1187.00
2 000 1189.00
4 000 1191.00
3 000 1193.00
1 000 1195.00
3 000 1197.00
2 000 1199.00
4 000 1201.00
3 000 1203.00
1 000 1205.00
2 000 1207.00
4 000 1209.00
2 000 1211.00
3 000 1213.00
1 000 1215.00
3 000 1217.00
2 000 1219.00
4 000 1221.00
2 000 1223.00
1 000 1225.00
4 000 1227.00
1 000 1231.00
2 000 1231.00
1 000 1233.00
2 000 1233.00
3 000 1235.00
4 000 1235.00
2 000 1239.00
3 000 1239.00
2 008 1243.00
4 008 1243.00
1 000 1251.00
2 000 1253.00
3 000 1255.00
4 000 1257.00
4 000 1259.00
3 000 1261.00
2 000 1263.00
1 000 1265.00
2 008 1267.00
3 008 1267.00
4 000 1275.00
3 000 1277.00
4 000 1279.00
2 000 1281.00
3 000 1283.00
1 000 1285.00
2 000 1287.00
1 000 1289.00
4 000 1291.00
3 000 1295.00
2 000 1297.00
1 000 1301.00
2 000 1301.00
1 000 1303.00
2 000 1303.00
1 000 1305.00
2 000 1305.00
4 008 1307.00
1 000 1315.00
2 000 1317.00
3 000 1319.00
4 000 1321.00
4 000 1323.00
3 000 1325.00
2 000 1327.00
1 000 1329.00
3 000 1331.00
3 000 1335.00
4 000 1339.00
3 000 1341.00
2 000 1343.00
3 000 1345.00
4 000 1347.00
3 000 1349.00
2 000 1351.00
1 000 1353.00
4 000 1355.00
3 000 1357.00
2 000 1359.00
3 000 1361.00
1 000 1363.00
2 000 1364.00
3 000 1365.00
4 000 1366.00
1 000 1367.00
2 000 1368.00
3 000 1369.00
4 000 1370.00
1 008 1371.00
4 000 1379.00
3 000 1381.00
4 000 1383.00
2 000 1385.00
3 000 1387.00
2 000 1389.00
3 000 1391.00
1 000 1393.00
2 000 1395.00
1 000 1397.00
3 000 1399.00
2 000 1401.00
3 000 1403.00
2 000 1405.00
4 000 1407.00
3 000 1409.00
4 000 1411.00
2 000 1413.00
3 000 1415.00
1 000 1417.00
2 000 1419.00
1 000 1421.00
3 000 1423.00
2 000 1425.00
4 000 1427.00
3 000 1429.00
2 000 1431.00
1 000 1433.00
4 008 1435.00
1 000 1443.00
4 000 1445.00
2 000 1447.00
4 000 1449.00
1 000 1451.00
3 000 1453.00
1 000 1455.00
4 000 1457.00
2 000 1459.00
3 000 1461.00
1 000 1463.00
3 000 1465.00
2 000 1467.00
4 000 1469.00
1 000 1471.00
3 000 1473.00
2 000 1475.00
4 000 1477.00
2 000 1479.00
3 000 1481.00
1 000 1483.00
2 000 1487.00
3 000 1487.00
2 000 1489.00
3 000 1489.00
1 000 1491.00
4 000 1491.00
1 000 1495.00
4 000 1495.00
4 008 1499.00
1 000 1507.00
2 000 1509.00
3 000 1511.00
4 000 1513.00
4 000 1515.00
3 000 1517.00
2 000 1519.00
1 000 1521.00
1 008 1523.00
4 000 1531.00
3 000 1533.00
4 000 1535.00
2 000 1537.00
3 000 1539.00
4 000 1541.00
2 000 1543.00
1 000 1545.00
4 000 1547.00
3 000 1551.00
2 000 1553.00
1 000 1557.00
2 000 1557.00
3 000 1559.00
4 000 1559.00
1 000 1561.00
2 000 1561.00
4 008 1563.00
1 000 1571.00
2 000 1573.00
3 000 1575.00
4 000 1577.00
4 000 1579.00
3 000 1581.00
2 000 1583.00
1 000 1585.00
1 008 1587.00
4 000 1595.00
2 000 1597.00
3 000 1599.00
4 000 1601.00
1 000 1603.00
1 000 1607.00
4 000 1611.00
1 000 1613.00
4 000 1615.00
1 000 1617.00
3 000 1619.00
2 000 1621.00
3 000 1623.00
2 000 1625.00
1 008 1627.00
4 008 1627.00
2 000 1635.00
3 000 1637.00
1 000 1639.00
2 000 1641.00
3 000 1643.00
1 000 1645.00
4 000 1647.00
2 000 1649.00
4 000 1651.00
3 000 1653.00
2 000 1655.00
4 000 1657.00
1 000 1659.00
2 000 1661.00
3 000 1663.00
2 000 1665.00
3 000 1667.00
4 000 1669.00
1 000 1671.00
2 000 1673.00
3 000 1675.00
2 000 1677.00
3 000 1679.00
4 000 1681.00
4 000 1683.00
3 000 1685.00
2 000 1687.00
1 000 1689.00
2 008 1691.00
3 008 1691.00
4 000 1699.00
3 000 1701.00
2 000 1703.00
3 000 1705.00
4 000 1707.00
3 000 1709.00
2 000 1711.00
1 000 1713.00
4 000 1715.00
3 000 1717.00
2 000 1719.00
4 000 1721.00
2 000 1723.00
3 000 1725.00
4 000 1727.00
1 000 1729.00
2 000 1731.00
3 000 1733.00
2 000 1735.00
1 000 1737.00
2 000 1739.00
3 000 1741.00
4 000 1743.00
3 000 1745.00
1 000 1747.00
4 000 1747.00
3 000 1755.00
2 000 1757.00
3 000 1759.00
4 000 1761.00
2 000 1763.00
3 000 1765.00
2 000 1767.00
1 000 1769.00
3 000 1771.00
2 000 1773.00
3 000 1775.00
4 000 1777.00
2 000 1779.00
3 000 1781.00
2 000 1783.00
1 000 1785.00
4 000 1787.00
2 000 1789.00
3 000 1791.00
2 000 1793.00
1 000 1795.00
2 000 1797.00
3 000 1799.00
4 000 1801.00
1 000 1803.00
3 000 1805.00
2 000 1807.00
3 000 1809.00
4 000 1811.00
3 000 1813.00
2 000 1815.00
1 000 1817.00
3 000 1819.00
4 000 1819.00
1 000 1821.00
2 000 1821.00
3 000 1823.00
4 000 1823.00
1 000 1825.00
2 000 1825.00
3 000 1827.00
4 000 1827.00
1 000 1829.00
2 000 1829.00
3 000 1831.00
4 000 1831.00
1 000 1833.00
2 000 1833.00
3 000 1835.00
4 000 1835.00
3 000 1837.00
4 000 1837.00
1 000 1839.00
2 000 1839.00
1 000 1841.00
2 000 1841.00
3 000 1843.00
4 000 1843.00
3 000 1845.00
4 000 1845.00
1 000 1847.00
2 000 1847.00
1 000 1849.00
2 000 1849.00
3 000 1851.00
4 000 1851.00
1 000 1853.00
2 000 1853.00
3 000 1855.00
4 000 1855.00
2 000 1857.00
1 000 1859.00
4 000 1859.00
2 000 1861.00
3 000 1861.00
1 000 1863.00
4 000 1863.00
2 000 1865.00
3 000 1865.00
1 000 1883.00
1 020 1891.00
2 000 1891.00
3 000 1893.00
4 000 1895.00
2 000 1897.00
4 000 1899.00
3 000 1901.00
2 000 1903.00
3 000 1905.00
4 000 1907.00
3 000 1909.00
2 000 1911.00
3 000 1913.00
1 000 1915.00
4 028 1915.00
3 000 1917.00
2 000 1919.00
1 000 1921.00
3 000 1923.00
2 000 1925.00
1 000 1927.00
3 000 1929.00
2 000 1931.00
3 000 1933.00
1 000 1935.00
2 000 1937.00
3 000 1939.00
1 000 1941.00
2 000 1943.00
3 000 1945.00
1 000 1947.00
2 000 1947.00
4 000 1947.00
3 000 1949.00
4 000 1951.00
1 000 1953.00
3 000 1955.00
2 000 1957.00
3 000 1959.00
1 000 1961.00
3 000 1963.00
4 000 1963.00
2 000 1965.00
3 000 1967.00
1 000 1969.00
3 000 1971.00
2 000 1973.00
4 000 1975.00
2 000 1977.00
3 000 1979.00
4 000 1979.00
1 000 1981.00
3 000 1983.00
2 000 1985.00
4 000 1987.00
1 000 1989.00
2 000 1991.00
3 000 1991.00
1 000 1993.00
3 000 1995.00
4 000 1995.00
2 000 1997.00
4 000 1999.00
2 000 2001.00
3 000 2003.00
1 000 2005.00
4 000 2007.00
2 000 2009.00
1 000 2011.00
4 000 2011.00
3 000 2013.00
2 000 2015.00
1 000 2017.00
3 000 2019.00
2 000 2021.00
3 000 2023.00
1 000 2025.00
3 000 2027.00
4 000 2027.00
2 000 2029.00
1 000 2031.00
2 000 2033.00
4 000 2035.00
3 000 2037.00
2 000 2039.00
1 000 2041.00
2 000 2043.00
3 012 2043.00
4 012 2043.00
1 000 2055.00
2 000 2055.00
3 000 2057.00
4 000 2057.00
1 000 2059.00
2 000 2059.00
3 000 2061.00
2 000 2063.00
1 000 2065.00
4 000 2067.00
3 000 2069.00
2 000 2071.00
4 000 2071.00
1 000 2073.00
3 000 2075.00
4 000 2075.00
2 000 2077.00
3 000 2079.00
1 000 2081.00
3 000 2083.00
2 000 2085.00
4 000 2087.00
2 000 2089.00
1 004 2091.00
3 000 2091.00
4 000 2095.00
3 000 2096.00
2 000 2097.00
3 004 2099.00
1 000 2103.00
2 000 2104.00
3 000 2105.00
1 012 2107.00
4 012 2107.00
2 000 2119.00
3 000 2119.00
1 000 2121.00
2 000 2123.00
4 000 2123.00
3 000 2125.00
1 000 2127.00
3 000 2129.00
2 000 2131.00
3 000 2133.00
2 000 2135.00
4 000 2137.00
1 000 2139.00
2 000 2139.00
3 000 2141.00
1 000 2143.00
4 000 2145.00
2 000 2147.00
1 000 2149.00
2 000 2151.00
3 000 2151.00
4 000 2153.00
1 000 2155.00
3 000 2155.00
2 000 2157.00
1 000 2159.00
4 000 2161.00
3 000 2163.00
1 000 2165.00
2 000 2167.00
4 000 2167.00
3 000 2169.00
1 000 2171.00
2 000 2172.00
4 000 2173.00
3 000 2174.00
1 000 2175.00
2 000 2176.00
4 000 2177.00
3 000 2178.00
1 000 2179.00
2 000 2180.00
4 000 2181.00
3 000 2182.00
1 000 2183.00
2 000 2184.00
4 000 2185.00
3 000 2186.00
2 016 2187.00
1 000 2203.00
4 000 2203.00
3 000 2205.00
2 000 2207.00
1 000 2209.00
3 000 2211.00
4 000 2211.00
2 000 2213.00
4 000 2215.00
1 000 2217.00
3 000 2219.00
4 000 2219.00
1 000 2221.00
3 000 2223.00
2 000 2225.00
1 000 2227.00
4 000 2227.00
2 000 2229.00
3 000 2231.00
1 000 2233.00
3 000 2235.00
4 000 2235.00
2 000 2237.00
4 000 2239.00
1 000 2241.00
3 000 2243.00
2 000 2245.00
3 000 2247.00
4 000 2247.00
1 000 2249.00
2 000 2251.00
3 000 2251.00
1 000 2253.00
4 000 2255.00
2 000 2257.00
3 000 2259.00
1 000 2261.00
4 000 2263.00
1 000 2265.00
3 000 2267.00
4 000 2267.00
2 000 2269.00
3 000 2271.00
1 000 2273.00
2 000 2275.00
4 000 2275.00
3 000 2277.00
1 000 2279.00
3 000 2281.00
2 000 2283.00
4 000 2283.00
1 000 2285.00
3 000 2287.00
2 000 2289.00
3 000 2291.00
4 000 2293.00
2 000 2295.00
1 000 2297.00
3 012 2299.00
4 012 2299.00
1 000 2311.00
2 000 2311.00
3 000 2313.00
4 000 2313.00
1 000 2315.00
2 000 2315.00
4 000 2317.00
3 000 2319.00
2 000 2321.00
4 000 2323.00
1 000 2325.00
3 000 2327.00
2 000 2329.00
1 000 2331.00
3 000 2331.00
4 000 2333.00
2 000 2335.00
3 000 2337.00
1 000 2339.00
4 000 2341.00
2 000 2343.00
3 000 2345.00
1 004 2347.00
4 000 2347.00
3 000 2351.00
2 000 2352.00
1 000 2353.00
3 004 2355.00
1 000 2359.00
2 000 2360.00
3 000 2361.00
1 012 2363.00
4 012 2363.00
3 000 2375.00
1 000 2377.00
2 000 2377.00
3 000 2379.00
4 000 2379.00
1 000 2381.00
3 000 2383.00
2 000 2385.00
4 000 2387.00
3 000 2389.00
2 000 2391.00
1 000 2393.00
2 000 2395.00
4 000 2395.00
3 000 2397.00
1 000 2399.00
4 000 2401.00
1 000 2403.00
2 000 2403.00
3 000 2405.00
2 000 2407.00
4 000 2409.00
1 000 2411.00
3 000 2411.00
2 000 2413.00
3 000 2415.00
4 000 2417.00
1 000 2419.00
3 000 2421.00
2 000 2423.00
4 000 2423.00
3 000 2425.00
4 028 2427.00
2 000 2431.00
1 000 2433.00
2 000 2435.00
1 000 2439.00
2 000 2443.00
3 000 2443.00
2 000 2451.00
3 000 2451.00
1 000 2455.00
2 000 2456.00
3 000 2457.00
4 000 2458.00
1 000 2459.00
2 000 2459.00
3 000 2463.00
4 000 2463.00
1 000 2467.00
2 000 2471.00
4 000 2471.00
1 000 2475.00
2 000 2479.00
3 000 2479.00
1 000 2483.00
2 000 2483.00
4 000 2483.00
3 000 2487.00
4 000 2487.00
1 000 2491.00
2 000 2495.00
4 000 2495.00
1 000 2499.00
2 000 2503.00
3 000 2503.00
1 000 2507.00
2 000 2507.00
4 000 2507.00
2 000 2511.00
3 000 2511.00
1 000 2515.00
3 000 2515.00
4 000 2515.00
2 000 2519.00
3 000 2519.00
1 000 2523.00
2 000 2523.00
4 000 2523.00
3 000 2527.00
4 000 2527.00
1 000 2531.00
2 000 2535.00
4 000 2535.00
1 000 2539.00
3 000 2539.00
2 000 2543.00
3 000 2543.00
1 000 2547.00
3 000 2547.00
4 000 2547.00
2 000 2551.00
3 000 2551.00
1 000 2555.00
2 000 2559.00
4 000 2559.00
1 000 2563.00
2 000 2567.00
3 000 2567.00
1 008 2571.00
3 000 2571.00
2 000 2579.00
4 008 2579.00
1 000 2587.00
2 000 2587.00
2 000 2591.00
3 000 2591.00
1 000 2595.00
3 000 2599.00
4 000 2599.00
1 000 2603.00
2 000 2607.00
3 000 2607.00
1 000 2611.00
2 000 2611.00
4 000 2611.00
3 000 2615.00
4 000 2615.00
1 000 2619.00
3 000 2623.00
4 000 2623.00
1 000 2627.00
2 000 2631.00
3 000 2631.00
1 000 2635.00
2 000 2635.00
4 000 2635.00
2 000 2639.00
3 000 2639.00
1 000 2643.00
3 000 2643.00
4 000 2643.00
2 000 2647.00
3 000 2647.00
1 000 2651.00
2 000 2651.00
4 000 2651.00
3 000 2655.00
4 000 2655.00
1 000 2659.00
2 000 2663.00
4 000 2663.00
1 000 2667.00
3 000 2671.00
4 000 2671.00
1 000 2675.00
2 000 2675.00
3 000 2675.00
3 000 2679.00
4 000 2679.00
1 000 2683.00
3 000 2687.00
4 000 2687.00
1 000 2691.00
2 000 2695.00
3 000 2695.00
1 000 2699.00
2 000 2703.00
4 000 2703.00
1 000 2707.00
2 000 2711.00
4 000 2711.00
1 000 2715.00
2 000 2715.00
4 000 2715.00
2 000 2719.00
3 000 2719.00
1 000 2723.00
3 000 2723.00
2 000 2727.00
4 000 2727.00
1 000 2731.00
3 000 2731.00
2 000 2735.00
4 000 2735.00
1 000 2739.00
3 000 2739.00
2 000 2743.00
4 000 2743.00
1 000 2747.00
3 000 2747.00
2 000 2751.00
4 000 2751.00
1 000 2755.00
3 000 2755.00
1 000 2759.00
2 000 2759.00
3 000 2763.00
4 000 2763.00
1 000 2767.00
2 000 2767.00
3 000 2771.00
4 000 2771.00
1 000 2775.00
3 000 2775.00
2 000 2779.00
3 000 2779.00
1 000 2783.00
4 000 2783.00
2 000 2787.00
3 000 2787.00
1 000 2791.00
4 000 2791.00
2 000 2795.00
3 000 2795.00
2 000 2799.00
4 000 2799.00
1 000 2803.00
3 000 2803.00
2 000 2807.00
4 000 2807.00
1 000 2811.00
3 000 2811.00
2 000 2815.00
4 000 2815.00
1 000 2819.00
2 000 2823.00
3 000 2823.00
1 008 2827.00
3 000 2827.00
2 000 2831.00
3 000 2835.00
4 008 2835.00
2 000 2839.00
1 000 2843.00
2 000 2843.00
2 000 2847.00
3 000 2847.00
4 000 2847.00
1 000 2851.00
3 000 2851.00
2 000 2855.00
4 000 2855.00
1 000 2859.00
2 000 2859.00
2 000 2863.00
3 000 2863.00
4 000 2863.00
1 000 2867.00
2 000 2867.00
3 000 2867.00
3 000 2871.00
4 000 2871.00
1 000 2875.00
2 000 2875.00
2 000 2879.00
4 000 2879.00
1 000 2883.00
3 000 2883.00
2 000 2887.00
3 000 2887.00
4 000 2887.00
1 000 2891.00
2 000 2891.00
2 000 2895.00
3 000 2895.00
4 000 2895.00
1 000 2899.00
3 000 2899.00
2 000 2903.00
3 000 2903.00
4 000 2903.00
1 000 2907.00
2 000 2907.00
3 000 2907.00
2 000 2911.00
3 000 2911.00
4 000 2911.00
1 000 2915.00
2 000 2919.00
3 000 2919.00
4 000 2919.00
1 000 2923.00
2 000 2927.00
3 000 2927.00
4 000 2927.00
1 000 2931.00
2 000 2935.00
3 000 2935.00
4 000 2935.00
1 000 2939.00
2 000 2943.00
3 000 2943.00
4 000 2943.00
1 000 2947.00
2 000 2951.00
3 000 2951.00
4 000 2951.00
1 016 2955.00
4 008 2955.00