OBLIVION
ESTi
141 60 0
3 024 7.00
1 000 31.00
4 032 39.00
2 000 71.00
4 000 79.00
3 000 87.00
2 000 95.00
3 032 103.00
1 000 135.00
4 000 143.00
3 000 151.00
2 000 159.00
1 016 167.00
2 000 183.00
3 000 191.00
2 024 199.00
3 000 223.00
2 000 227.00
1 012 231.00
4 000 243.00
2 000 247.00
3 000 247.00
1 000 251.00
2 000 251.00
2 000 255.00
3 000 255.00
3 000 259.00
4 000 259.00
1 000 263.00
2 000 263.00
4 020 263.00
1 000 267.00
2 000 271.00
3 000 271.00
1 000 279.00
1 000 283.00
2 000 283.00
2 000 287.00
3 000 287.00
3 000 291.00
4 000 291.00
1 008 295.00
2 000 295.00
2 000 299.00
3 000 303.00
4 008 303.00
1 000 311.00
3 008 311.00
2 000 315.00
4 000 317.00
1 000 319.00
2 008 319.00
1 000 323.00
1 020 327.00
3 000 327.00
4 000 327.00
4 000 331.00
2 000 335.00
3 000 335.00
4 000 343.00
3 000 347.00
4 000 347.00
2 000 351.00
3 000 351.00
1 000 355.00
2 000 355.00
1 008 359.00
4 000 359.00
4 000 363.00
2 000 367.00
3 008 367.00
2 008 375.00
4 000 375.00
1 000 379.00
3 000 381.00
1 008 383.00
3 000 387.00
4 000 387.00
1 000 391.00
2 000 391.00
4 020 391.00
1 000 395.00
2 000 399.00
3 000 399.00
1 000 407.00
1 000 411.00
3 000 415.00
4 000 415.00
2 000 419.00
3 000 419.00
1 012 423.00
2 000 423.00
4 000 423.00
4 000 427.00
2 000 431.00
3 000 431.00
1 000 439.00
2 000 439.00
4 000 439.00
3 000 443.00
2 000 445.00
1 000 447.00
3 000 447.00
2 000 451.00
3 000 451.00
1 000 455.00
2 024 455.00
4 000 455.00
4 000 459.00
3 000 463.00
1 000 471.00
4 000 471.00
4 000 475.00
1 000 479.00
3 000 479.00
4 000 481.00
3 000 483.00
2 000 485.00
1 000 487.00
4 012 487.00
3 000 491.00
1 000 495.00
2 000 495.00
3 000 499.00
1 000 503.00
4 000 503.00
2 000 505.00
3 000 507.00
2 000 509.00
1 000 511.00
4 000 511.00
2 000 513.00
3 000 513.00
1 000 515.00
4 000 515.00
2 000 517.00
3 000 517.00
1 000 519.00
4 000 519.00
2 000 521.00
3 000 523.00
2 000 525.00
1 000 527.00
4 000 527.00
3 000 529.00
2 000 531.00
3 000 533.00
1 000 535.00
4 000 535.00
2 000 537.00
3 000 539.00
2 000 541.00
1 000 543.00
4 000 543.00
3 000 545.00
2 000 547.00
3 000 549.00
1 000 551.00
2 000 551.00
4 000 553.00
3 000 555.00
2 000 557.00
3 000 559.00
4 000 559.00
1 000 561.00
2 000 563.00
3 000 565.00
1 000 567.00
2 000 567.00
4 000 569.00
3 000 571.00
2 000 573.00
3 000 575.00
4 000 575.00
1 000 577.00
2 000 579.00
3 000 581.00
1 000 583.00
4 000 583.00
2 000 585.00
3 000 587.00
4 000 589.00
1 000 591.00
4 000 591.00
3 000 593.00
2 000 595.00
1 000 597.00
1 000 599.00
4 000 599.00
2 000 601.00
3 000 603.00
4 000 605.00
1 000 607.00
4 000 607.00
3 000 609.00
2 000 611.00
1 000 613.00
1 000 615.00
4 000 615.00
2 000 617.00
3 000 619.00
2 000 621.00
1 000 623.00
4 000 623.00
3 000 625.00
2 000 627.00
3 000 629.00
1 000 631.00
4 000 631.00
1 000 633.00
4 000 633.00
2 000 635.00
3 000 636.00
2 000 637.00
3 000 638.00
1 000 639.00
4 000 639.00
3 000 641.00
1 000 643.00
2 000 643.00
3 000 645.00
1 000 647.00
4 000 647.00
2 000 649.00
3 000 651.00
2 000 653.00
1 000 655.00
4 000 655.00
3 000 657.00
2 000 659.00
3 000 661.00
1 000 663.00
4 000 663.00
2 000 665.00
3 000 667.00
2 000 669.00
1 000 671.00
4 000 671.00
3 000 673.00
2 000 675.00
3 000 677.00
1 000 679.00
2 000 679.00
4 000 681.00
3 000 683.00
2 000 685.00
3 000 687.00
4 000 687.00
1 000 689.00
2 000 691.00
3 000 693.00
1 000 695.00
2 000 695.00
4 000 697.00
3 000 699.00
2 000 701.00
3 000 703.00
4 000 703.00
1 000 705.00
2 000 707.00
3 000 709.00
1 000 711.00
4 000 711.00
2 000 713.00
3 000 715.00
4 000 717.00
1 000 719.00
4 000 719.00
3 000 721.00
2 000 723.00
1 000 725.00
1 000 727.00
4 000 727.00
2 000 729.00
3 000 731.00
4 000 731.00
2 000 733.00
1 000 735.00
4 000 735.00
3 000 737.00
1 000 739.00
2 000 739.00
3 000 741.00
1 000 743.00
4 000 743.00
2 000 745.00
3 000 745.00
1 000 747.00
4 000 747.00
2 000 749.00
3 000 749.00
1 000 751.00
4 000 751.00
2 000 753.00
3 000 753.00
1 000 755.00
4 000 755.00
2 000 757.00
3 000 757.00
4 000 759.00
3 000 760.00
2 000 761.00
1 000 762.00
3 000 763.00
4 000 763.00
1 000 765.00
2 000 765.00
3 000 767.00
4 000 767.00
1 000 769.00
2 000 769.00
3 000 771.00
4 000 771.00
1 000 773.00
2 000 773.00
3 000 775.00
4 000 775.00
1 000 795.00
2 000 799.00
3 000 803.00
1 000 807.00
4 020 807.00
3 000 811.00
1 000 815.00
2 000 815.00
3 000 817.00
2 000 821.00
2 000 825.00
3 000 827.00
1 000 831.00
2 000 831.00
2 000 835.00
3 000 835.00
1 000 839.00
4 000 839.00
2 000 843.00
3 000 845.00
1 000 847.00
4 000 847.00
3 000 849.00
2 000 851.00
3 000 853.00
4 000 853.00
1 000 855.00
2 000 855.00
3 000 857.00
4 000 857.00
2 000 859.00
4 000 861.00
1 000 863.00
3 000 863.00
2 000 867.00
4 000 867.00
1 000 871.00
4 000 871.00
3 000 875.00
4 000 877.00
2 000 879.00
1 012 883.00
3 000 883.00
2 000 887.00
4 000 887.00
3 000 891.00
4 000 893.00
2 000 895.00
1 000 899.00
3 000 899.00
2 000 903.00
4 000 903.00
3 000 907.00
4 000 909.00
2 000 911.00
1 000 915.00
3 000 915.00
2 000 919.00
4 000 919.00
3 000 921.00
1 000 923.00
2 000 923.00
3 000 925.00
2 000 927.00
3 000 927.00
3 000 931.00
4 000 931.00
2 000 933.00
1 000 935.00
4 016 935.00
3 000 939.00
1 000 943.00
2 000 943.00
3 000 945.00
2 000 949.00
2 000 953.00
1 000 955.00
3 000 955.00
2 000 959.00
4 000 959.00
3 000 961.00
1 000 963.00
2 000 967.00
4 000 967.00
1 000 971.00
3 000 973.00
2 000 975.00
4 000 975.00
3 000 977.00
1 000 979.00
3 000 981.00
4 000 981.00
1 000 983.00
2 000 983.00
3 000 985.00
4 000 985.00
1 000 987.00
2 000 989.00
3 000 991.00
4 000 991.00
2 000 995.00
3 000 995.00
1 016 999.00
4 000 999.00
3 000 1003.00
4 000 1005.00
2 000 1007.00
3 000 1011.00
2 000 1015.00
4 000 1015.00
1 000 1019.00
2 000 1019.00
4 000 1021.00
2 000 1023.00
3 000 1023.00
1 000 1027.00
4 016 1027.00
2 000 1031.00
3 000 1031.00
1 000 1035.00
3 000 1037.00
2 000 1039.00
1 000 1043.00
3 000 1043.00
3 000 1047.00
4 000 1047.00
3 000 1049.00
4 000 1049.00
1 000 1051.00
2 000 1052.00
3 000 1053.00
4 000 1054.00
1 000 1055.00
2 000 1055.00
2 000 1059.00
3 000 1059.00
1 000 1063.00
4 020 1063.00
3 000 1067.00
1 000 1071.00
2 000 1071.00
3 000 1073.00
1 000 1077.00
1 000 1081.00
3 000 1083.00
2 000 1087.00
4 000 1087.00
1 000 1091.00
3 000 1091.00
2 000 1095.00
3 000 1095.00
1 000 1099.00
4 000 1101.00
2 000 1103.00
3 000 1103.00
1 000 1105.00
2 000 1107.00
3 000 1109.00
4 000 1109.00
1 000 1111.00
3 000 1113.00
4 000 1113.00
2 000 1115.00
3 000 1117.00
1 000 1119.00
4 000 1119.00
2 000 1123.00
3 000 1123.00
1 000 1127.00
2 000 1127.00
4 000 1131.00
2 000 1133.00
1 000 1135.00
3 000 1135.00
4 000 1137.00
3 000 1139.00
2 000 1141.00
1 000 1143.00
3 000 1143.00
4 000 1145.00
1 000 1147.00
2 000 1147.00
4 000 1149.00
2 000 1151.00
3 000 1151.00
3 000 1155.00
4 000 1155.00
1 000 1159.00
4 012 1159.00
3 000 1163.00
1 000 1167.00
2 000 1167.00
3 000 1169.00
4 000 1173.00
2 000 1175.00
1 000 1177.00
4 000 1177.00
3 000 1179.00
1 000 1181.00
2 000 1183.00
4 000 1183.00
1 000 1187.00
3 000 1187.00
2 000 1191.00
4 016 1191.00
3 000 1195.00
1 000 1199.00
2 000 1199.00
3 000 1201.00
2 000 1205.00
2 000 1209.00
1 000 1211.00
4 000 1211.00
1 000 1215.00
3 000 1215.00
2 000 1219.00
4 000 1219.00
1 000 1223.00
3 012 1223.00
2 000 1227.00
1 000 1231.00
4 000 1231.00
2 000 1233.00
4 000 1237.00
1 008 1239.00
2 000 1239.00
4 000 1241.00
3 000 1243.00
2 000 1247.00
4 008 1247.00
3 000 1251.00
1 016 1255.00
2 000 1255.00
4 000 1259.00
2 000 1263.00
3 000 1263.00
4 000 1265.00
4 000 1271.00
3 000 1272.00
2 000 1273.00
1 000 1274.00
3 000 1275.00
2 000 1277.00
3 000 1279.00
2 000 1281.00
3 000 1283.00
2 000 1285.00
1 000 1287.00
4 000 1287.00
3 000 1293.00
1 000 1295.00
2 000 1299.00
1 000 1303.00
4 000 1303.00
4 000 1305.00
2 000 1309.00
3 000 1311.00
2 000 1315.00
4 000 1315.00
1 000 1319.00
3 024 1319.00
1 000 1323.00
2 000 1327.00
4 000 1327.00
1 000 1335.00
1 000 1339.00
2 008 1343.00
4 000 1343.00
1 000 1351.00
4 028 1351.00
1 000 1355.00
2 000 1359.00
3 000 1359.00
1 000 1365.00
2 000 1367.00
3 000 1367.00
1 000 1369.00
1 000 1375.00
2 000 1375.00
2 000 1379.00
1 000 1383.00
3 008 1383.00
1 000 1387.00
2 000 1391.00
4 008 1391.00
1 000 1399.00
3 008 1399.00
1 000 1403.00
2 008 1407.00
4 000 1407.00
1 000 1415.00
4 028 1415.00
1 000 1417.00
2 000 1421.00
3 000 1423.00
2 000 1427.00
1 000 1431.00
1 000 1433.00
2 000 1433.00
2 000 1437.00
1 000 1439.00
3 000 1439.00
2 000 1443.00
3 000 1445.00
1 008 1447.00
4 000 1447.00
4 000 1449.00
3 000 1453.00
2 000 1455.00
4 008 1455.00
1 000 1459.00
2 000 1463.00
3 008 1463.00
2 000 1465.00
1 000 1469.00
2 008 1471.00
4 000 1471.00
3 000 1475.00
1 016 1479.00
4 000 1479.00
4 000 1481.00
2 000 1485.00
3 000 1487.00
4 000 1487.00
2 000 1491.00
3 000 1493.00
2 008 1495.00
4 000 1495.00
4 000 1497.00
3 000 1501.00
3 008 1503.00
4 000 1503.00
1 000 1507.00
2 016 1511.00
4 000 1511.00
4 000 1513.00
3 000 1517.00
1 000 1519.00
4 000 1519.00
3 000 1523.00
1 000 1527.00
4 000 1527.00
4 000 1529.00
2 000 1531.00
3 000 1533.00
1 000 1535.00
4 000 1535.00
2 000 1539.00
3 000 1539.00
1 016 1543.00
2 000 1543.00
4 000 1543.00
4 000 1545.00
2 000 1549.00
3 000 1551.00
4 000 1551.00
2 000 1555.00
3 000 1559.00
4 000 1559.00
3 000 1561.00
4 000 1561.00
1 000 1563.00
2 000 1564.00
3 000 1565.00
4 000 1566.00
1 000 1567.00
2 000 1567.00
3 000 1571.00
4 000 1571.00
1 000 1575.00
2 000 1575.00
4 028 1575.00
1 000 1579.00
2 000 1583.00
3 000 1583.00
1 000 1591.00
1 000 1595.00
2 000 1599.00
3 000 1599.00
1 000 1607.00
3 008 1607.00
1 000 1611.00
2 000 1615.00
4 008 1615.00
1 000 1621.00
2 000 1623.00
3 008 1623.00
1 000 1625.00
2 008 1631.00
4 000 1631.00
3 000 1635.00
1 000 1639.00
4 024 1639.00
1 000 1643.00
2 000 1647.00
3 000 1647.00
1 000 1655.00
1 000 1659.00
2 000 1663.00
3 000 1663.00
1 008 1671.00
2 000 1671.00
2 000 1673.00
3 000 1677.00
2 000 1679.00
4 008 1679.00
1 000 1683.00
1 000 1687.00
3 008 1687.00
2 000 1689.00
1 000 1693.00
2 008 1695.00
4 000 1695.00
3 000 1699.00
1 000 1703.00
4 022 1703.00
1 000 1705.00
2 000 1709.00
1 000 1711.00
3 000 1711.00
2 000 1715.00
1 000 1719.00
1 000 1721.00
2 000 1725.00
3 000 1727.00
4 000 1727.00
2 000 1731.00
3 000 1731.00
1 012 1735.00
4 000 1735.00
4 000 1737.00
3 000 1741.00
3 000 1743.00
4 000 1743.00
2 000 1747.00
4 000 1749.00
1 000 1751.00
3 000 1751.00
2 000 1753.00
4 000 1753.00
1 000 1757.00
3 000 1759.00
4 000 1759.00
2 000 1763.00
1 024 1767.00
4 000 1767.00
4 000 1771.00
3 000 1775.00
4 000 1775.00
4 000 1779.00
4 000 1783.00
4 000 1787.00
2 000 1791.00
4 000 1791.00
3 000 1793.00
2 000 1795.00
1 000 1797.00
3 000 1799.00
4 012 1799.00
2 000 1801.00
3 000 1803.00
2 000 1805.00
3 000 1807.00
2 000 1809.00
3 000 1811.00
2 000 1813.00
4 000 1815.00
3 000 1816.00
2 000 1817.00
1 000 1818.00
4 000 1819.00
3 000 1820.00
2 000 1821.00
1 000 1822.00
2 000 1823.00
3 000 1823.00
1 000 1825.00
4 000 1825.00
2 000 1827.00
3 000 1827.00
1 000 1829.00
4 000 1829.00
2 000 1831.00
3 000 1831.00
1 000 1837.00
1 000 1843.00
3 000 1843.00
4 000 1847.00
3 000 1851.00
2 000 1855.00
1 000 1859.00
3 000 1859.00
2 000 1861.00
1 000 1863.00
4 012 1863.00
2 000 1871.00
1 000 1873.00
2 000 1875.00
3 000 1877.00
1 016 1879.00
4 000 1879.00
2 000 1895.00
3 000 1895.00
4 000 1901.00
2 000 1907.00
4 000 1907.00
3 000 1911.00
2 000 1915.00
1 000 1919.00
2 000 1923.00
3 000 1923.00
4 000 1925.00
1 000 1927.00
3 012 1927.00
2 000 1935.00
1 000 1937.00
2 000 1939.00
3 000 1941.00
2 016 1943.00
4 000 1943.00
3 000 1951.00
1 000 1959.00
4 000 1959.00
4 000 1965.00
1 000 1971.00
4 000 1971.00
2 000 1975.00
3 000 1979.00
2 000 1983.00
1 000 1987.00
3 000 1989.00
1 000 1991.00
2 000 1991.00
4 012 1991.00
2 000 1999.00
1 000 2001.00
2 000 2003.00
3 000 2005.00
1 012 2007.00
4 000 2007.00
1 000 2023.00
2 000 2023.00
1 000 2029.00
2 000 2031.00
3 000 2031.00
1 000 2035.00
3 000 2039.00
4 000 2039.00
2 000 2047.00
3 000 2047.00
1 000 2055.00
4 000 2055.00
3 000 2067.00
2 000 2069.00
3 000 2071.00
4 000 2083.00
4 000 2085.00
1 000 2087.00
1 000 2125.00
2 000 2127.00
3 000 2129.00
1 000 2131.00
2 000 2133.00
3 000 2135.00
1 000 2137.00
2 000 2139.00
3 000 2141.00
1 000 2143.00
2 000 2145.00
3 000 2147.00
1 000 2149.00
2 000 2151.00
3 000 2153.00
1 000 2155.00
2 000 2157.00
3 000 2159.00
1 000 2161.00
2 000 2163.00
3 000 2165.00
1 000 2167.00
4 012 2167.00
2 000 2169.00
3 000 2171.00
1 000 2173.00
2 000 2175.00
3 000 2177.00
2 000 2179.00
3 000 2181.00
1 000 2183.00
4 000 2183.00
1 000 2191.00
4 000 2193.00
1 000 2195.00
4 000 2197.00
2 000 2199.00
3 000 2199.00