Please Wind
Forte Escape
108 60 2.1
4 0
2 16
4 28
3 30
2 32
3 40
1 48
2 52
3 54
1 56
1 64
4 72
4 80
3 88
4 96
3 108
2 110
3 112
1 128
2 132
3 134
4 138
1 144
2 150
4 154
1 160
2 164
3 166
4 170
1 176
3 180
2 182
4 186
2 192
1 196
3 198
2 202
4 204
3 208
1 212
3 214
4 220
3 224
1 228
4 230
2 234
3 236
1 240
2 244
3 246
4 248
2 250
3 252
4 254
1 256
3 260
2 262
4 266
1 272
2 276
3 278
4 282
1 288
3 292
2 294
4 298
1 304
2 308
3 310
4 314
4 320
2 324
3 328
2 330
4 334
2 340
3 342
2 346
4 352
4 372
