POP STARS
League Of Legends
170 60 0
4 000 11.00
2 000 19.00
4 000 19.00
4 000 23.00
4 000 27.00
2 000 31.00
4 000 31.00
4 000 35.00
4 000 39.00
2 000 43.00
3 000 43.00
3 000 47.00
3 000 51.00
3 000 55.00
2 000 59.00
2 000 63.00
2 000 67.00
3 000 71.00
4 000 75.00
1 000 79.00
4 000 79.00
2 000 83.00
4 000 83.00
1 000 87.00
4 000 87.00
2 000 91.00
4 000 91.00
4 000 95.00
4 000 99.00
2 000 103.00
4 000 103.00
1 028 107.00
3 000 107.00
3 000 111.00
3 000 115.00
3 000 119.00
3 004 123.00
3 004 131.00
1 000 139.00
4 000 139.00
3 000 143.00
2 000 147.00
1 000 151.00
3 000 155.00
2 000 157.00
4 000 159.00
1 000 163.00
3 000 167.00
1 000 171.00
4 000 171.00
3 000 175.00
2 000 177.00
3 000 179.00
1 000 183.00
2 000 187.00
3 000 189.00
2 000 191.00
4 000 195.00
3 000 199.00
2 000 201.00
1 000 203.00
4 000 203.00
3 000 207.00
2 000 211.00
1 000 215.00
2 000 219.00
4 000 219.00
3 000 221.00
4 000 223.00
1 000 227.00
3 000 227.00
2 000 229.00
1 000 231.00
1 000 235.00
4 000 235.00
4 000 239.00
4 000 243.00
4 000 247.00
1 000 251.00
2 000 251.00
3 000 259.00
4 000 259.00
1 000 267.00
4 000 267.00
3 000 271.00
2 000 275.00
3 000 279.00
2 000 283.00
4 000 283.00
1 000 291.00
3 000 299.00
1 000 303.00
1 000 307.00
2 000 315.00
4 000 315.00
1 000 319.00
2 000 323.00
3 000 327.00
1 000 331.00
3 000 339.00
2 000 343.00
3 000 347.00
4 000 347.00
1 000 351.00
3 000 355.00
1 007 363.00
2 000 363.00
3 007 371.00
4 000 371.00
1 000 379.00
2 007 379.00
3 000 387.00
4 007 387.00
1 000 395.00
4 000 399.00
4 000 403.00
2 000 407.00
2 000 411.00
4 000 411.00
1 000 419.00
3 000 423.00
4 000 427.00
1 000 431.00
1 000 435.00
2 000 443.00
4 000 443.00
1 000 447.00
3 000 451.00
2 000 455.00
1 000 459.00
3 000 463.00
2 000 465.00
3 000 467.00
2 000 471.00
1 000 475.00
4 000 475.00
1 000 483.00
1 007 491.00
2 000 491.00
3 007 499.00
4 000 499.00
1 000 507.00
2 007 507.00
3 000 515.00
4 007 515.00
1 000 523.00
3 000 527.00
2 000 531.00
3 000 535.00
1 000 539.00
2 000 539.00
4 000 539.00
2 000 543.00
1 000 547.00
3 000 551.00
2 000 555.00
1 000 559.00
3 000 559.00
1 000 563.00
3 000 567.00
2 000 571.00
4 000 571.00
1 000 575.00
3 000 579.00
1 000 587.00
3 000 587.00
4 000 591.00
2 000 595.00
3 000 599.00
1 000 603.00
2 000 603.00
4 000 603.00
3 000 607.00
1 000 611.00
3 000 615.00
4 000 619.00
1 000 623.00
1 000 627.00
3 000 631.00
1 007 635.00
4 007 643.00
1 000 651.00
4 000 655.00
2 000 659.00
3 000 663.00
1 000 667.00
2 000 667.00
4 000 667.00
3 000 671.00
1 000 675.00
3 000 679.00
4 000 683.00
1 000 687.00
1 000 691.00
3 000 691.00
2 000 695.00
1 000 699.00
3 000 699.00
4 000 699.00
2 000 703.00
3 000 707.00
4 000 711.00
1 000 715.00
2 000 715.00
3 000 717.00
4 000 719.00
2 000 723.00
3 000 727.00
1 000 731.00
2 000 731.00
4 000 731.00
3 000 735.00
2 000 739.00
3 000 743.00
1 007 747.00
2 007 755.00
3 007 763.00
4 007 771.00
1 048 779.00
3 000 799.00
3 000 803.00
4 000 807.00
3 000 811.00
4 000 819.00
3 000 827.00
3 023 835.00
2 048 843.00
3 000 863.00
3 000 867.00
3 000 871.00
4 000 875.00
3 000 879.00
4 000 883.00
3 000 887.00
4 000 891.00
2 000 899.00
1 019 903.00
4 048 907.00
2 000 927.00
1 000 931.00
1 000 935.00
2 000 939.00
2 000 947.00
1 000 955.00
1 015 963.00
4 028 983.00
2 000 991.00
1 000 995.00
3 024 995.00
2 000 999.00
1 000 1003.00
2 000 1007.00
1 000 1011.00
2 000 1015.00
2 000 1019.00
4 000 1019.00
1 000 1027.00
3 000 1031.00
1 048 1035.00
4 000 1035.00
4 000 1047.00
3 000 1051.00
4 000 1059.00
4 000 1067.00
4 000 1079.00
3 000 1083.00
4 000 1091.00
1 000 1099.00
4 048 1099.00
1 000 1111.00
2 000 1115.00
1 000 1123.00
1 000 1131.00
1 000 1143.00
2 000 1147.00
1 000 1155.00
1 000 1159.00
1 000 1163.00
3 000 1163.00
1 000 1171.00
3 000 1171.00
1 000 1179.00
3 000 1179.00
1 000 1187.00
3 000 1187.00
4 000 1187.00
2 000 1195.00
4 000 1195.00
2 000 1203.00
4 000 1203.00
2 000 1211.00
4 000 1211.00
1 000 1219.00
2 000 1219.00
4 000 1219.00
3 000 1227.00
2 000 1231.00
3 000 1235.00
2 000 1239.00
1 000 1243.00
4 000 1243.00
1 000 1247.00
4 000 1247.00
1 000 1251.00
4 000 1251.00
1 000 1255.00
4 000 1255.00
3 000 1267.00
2 000 1271.00
4 000 1275.00
1 000 1279.00
3 000 1283.00
2 000 1287.00
3 000 1291.00
4 000 1291.00
1 007 1299.00
4 007 1299.00
2 007 1307.00
3 007 1307.00
1 007 1315.00
4 007 1315.00
2 007 1323.00
3 007 1323.00
1 007 1331.00
4 007 1331.00
2 007 1339.00
3 007 1339.00
2 000 1347.00
3 000 1351.00
1 000 1355.00
4 000 1355.00
3 000 1363.00
2 000 1367.00
3 000 1371.00
4 000 1371.00
1 000 1375.00
2 000 1379.00
3 000 1383.00
4 000 1387.00
3 000 1395.00
2 000 1399.00
1 000 1403.00
4 000 1403.00
2 000 1407.00
3 000 1411.00
2 000 1415.00
1 000 1419.00
3 000 1419.00
1 007 1427.00
4 007 1427.00
2 007 1435.00
3 007 1435.00
1 007 1443.00
4 007 1443.00
2 007 1451.00
3 007 1451.00
1 007 1459.00
4 007 1459.00
2 007 1467.00
3 007 1467.00
3 000 1475.00
2 000 1479.00
1 000 1483.00
4 000 1483.00
3 000 1491.00
2 000 1495.00
3 000 1499.00
4 000 1499.00
1 000 1503.00
2 000 1507.00
3 000 1511.00
4 000 1515.00
1 000 1519.00
1 000 1523.00
2 000 1531.00
4 000 1531.00
3 000 1535.00
1 000 1539.00
3 000 1543.00
2 000 1545.00
1 000 1547.00
4 000 1547.00
3 000 1551.00
2 000 1555.00
3 000 1559.00
1 000 1563.00
4 000 1563.00
3 000 1567.00
1 000 1571.00
3 000 1575.00
2 000 1579.00
1 000 1583.00
1 000 1587.00
3 000 1591.00
2 000 1595.00
4 000 1595.00
3 000 1599.00
2 000 1603.00
1 000 1607.00
1 000 1611.00
4 000 1611.00
3 000 1615.00
2 000 1619.00
1 000 1623.00
3 000 1627.00
4 000 1627.00
2 000 1631.00
3 000 1635.00
2 000 1639.00
4 000 1643.00
1 000 1647.00
1 000 1651.00
3 000 1655.00
1 000 1659.00
2 000 1659.00
4 000 1659.00
2 000 1667.00
3 000 1667.00
1 000 1675.00
4 000 1679.00
2 000 1681.00
3 000 1683.00
1 000 1685.00
4 000 1687.00
2 000 1691.00
3 000 1691.00
1 000 1699.00
2 000 1703.00
3 000 1707.00
1 000 1711.00
1 000 1715.00
3 000 1719.00
1 000 1723.00
2 000 1723.00
4 000 1723.00
3 000 1727.00
2 000 1731.00
4 000 1735.00
1 000 1739.00
2 000 1739.00
3 000 1741.00
4 000 1743.00
2 000 1747.00
3 000 1751.00
1 000 1755.00
4 000 1755.00
3 000 1759.00
2 000 1763.00
3 000 1767.00
4 000 1771.00
1 007 1779.00
3 007 1779.00
2 007 1787.00
4 007 1787.00
1 007 1795.00
3 007 1795.00
2 000 1803.00
4 000 1803.00
3 000 1811.00
2 000 1815.00
1 000 1823.00
4 000 1827.00
1 000 1835.00
3 000 1839.00
2 000 1843.00
4 000 1847.00
1 000 1851.00
2 000 1853.00
3 000 1855.00
4 000 1857.00
1 000 1859.00
3 000 1861.00
2 000 1863.00
4 000 1865.00
1 000 1867.00
4 004 1875.00
2 000 1886.00
1 000 1891.00
3 000 1891.00
2 000 1895.00
3 000 1899.00
1 000 1903.00
2 000 1903.00
1 000 1907.00
3 000 1907.00
4 000 1911.00
2 000 1915.00
4 000 1915.00
1 000 1919.00
3 000 1919.00
3 000 1923.00
3 000 1927.00
1 000 1931.00
2 000 1931.00
4 000 1935.00
4 000 1943.00
3 000 1945.00
2 000 1947.00
4 000 1947.00
2 000 1951.00
1 000 1955.00
3 000 1955.00
2 000 1959.00
3 000 1963.00
1 000 1967.00
4 000 1967.00
1 000 1971.00
3 000 1975.00
2 000 1979.00
4 000 1979.00
3 000 1983.00
2 004 1987.00
4 004 1987.00
1 000 1995.00
2 000 1999.00
2 000 2003.00
4 000 2007.00
3 000 2009.00
1 000 2011.00
2 000 2011.00
3 000 2015.00
1 000 2019.00
3 000 2019.00
1 000 2031.00
4 000 2031.00
3 000 2033.00
1 000 2035.00
2 000 2035.00
3 000 2039.00
2 000 2041.00
3 000 2043.00
4 000 2043.00
1 000 2047.00
2 000 2047.00
2 000 2051.00
1 000 2059.00
3 000 2063.00
2 000 2065.00
4 000 2067.00
2 000 2069.00
3 000 2071.00
2 000 2073.00
3 000 2075.00
4 000 2075.00
2 000 2079.00
1 000 2083.00
2 000 2083.00
2 000 2087.00
3 000 2091.00
2 000 2095.00
3 000 2095.00
2 000 2099.00
3 000 2099.00
3 000 2103.00
1 000 2107.00
4 004 2107.00
3 004 2111.00
2 004 2115.00
1 004 2119.00
3 000 2119.00
3 000 2121.00
2 000 2123.00
4 000 2123.00
3 000 2127.00
2 000 2131.00
3 000 2135.00
1 000 2139.00
4 000 2139.00
2 000 2143.00
3 000 2145.00
4 000 2147.00
1 000 2151.00
4 000 2155.00
2 000 2159.00
3 000 2161.00
1 000 2163.00
3 000 2167.00
2 000 2169.00
1 000 2171.00
4 000 2171.00
3 000 2175.00
2 000 2179.00
3 000 2183.00
1 000 2187.00
4 000 2191.00
3 000 2195.00
2 000 2199.00
1 000 2203.00
4 000 2203.00
3 000 2207.00
2 000 2209.00
3 000 2211.00
1 000 2215.00
4 000 2219.00
2 000 2223.00
3 000 2225.00
1 000 2227.00
3 000 2229.00
2 000 2231.00
1 000 2233.00
3 000 2235.00
4 000 2235.00
1 000 2239.00
1 000 2241.00
4 000 2243.00
3 000 2247.00
1 000 2251.00
2 000 2255.00
3 000 2259.00
2 000 2263.00
1 000 2267.00
4 000 2267.00
2 000 2271.00
3 000 2273.00
4 000 2275.00
1 000 2279.00
4 000 2283.00
3 000 2287.00
2 000 2289.00
1 000 2291.00
3 000 2295.00
2 000 2297.00
3 000 2299.00
4 000 2299.00
1 000 2303.00
2 000 2307.00
3 000 2311.00
1 000 2315.00
4 000 2315.00
2 000 2319.00
3 000 2323.00
2 000 2327.00
1 000 2331.00
4 000 2331.00
3 000 2335.00
2 000 2337.00
3 000 2339.00
1 000 2347.00
4 028 2347.00
1 000 2351.00
1 000 2355.00
1 000 2359.00
1 000 2363.00
2 000 2363.00
2 000 2367.00
1 000 2371.00
2 000 2371.00
2 000 2375.00
1 048 2379.00
3 000 2399.00
3 000 2403.00
4 000 2407.00
3 000 2411.00
4 000 2419.00
3 000 2427.00
4 000 2427.00
3 023 2435.00
2 048 2443.00
3 000 2463.00
3 000 2467.00
3 000 2471.00
4 000 2475.00
3 000 2479.00
4 000 2483.00
3 000 2487.00
4 000 2491.00
3 000 2499.00
2 000 2503.00
2 000 2507.00
3 000 2507.00
4 056 2507.00
2 000 2515.00
3 000 2515.00
2 000 2523.00
3 000 2523.00
2 000 2531.00
3 000 2531.00
2 000 2539.00
3 000 2539.00
2 000 2547.00
3 000 2547.00
2 000 2555.00
3 000 2555.00
2 000 2563.00
3 000 2563.00
3 000 2571.00
4 000 2571.00
1 000 2575.00
2 000 2575.00
3 000 2579.00
4 000 2579.00
1 000 2583.00
2 000 2583.00
3 000 2587.00
2 000 2589.00
3 000 2591.00
2 000 2593.00
3 000 2595.00
2 000 2597.00
3 000 2599.00
2 000 2601.00
3 000 2611.00
4 000 2611.00
2 000 2615.00
4 000 2615.00
1 000 2619.00
3 000 2619.00
1 000 2623.00
2 000 2623.00
3 000 2627.00
4 000 2627.00
1 000 2631.00
2 000 2631.00
3 000 2635.00
4 000 2635.00
1 007 2643.00
4 007 2643.00
2 007 2651.00
3 007 2651.00
1 007 2659.00
4 007 2659.00
2 007 2667.00
3 007 2667.00
1 007 2675.00
4 007 2675.00
2 007 2683.00
3 007 2683.00
2 000 2691.00
3 000 2695.00
1 000 2699.00
4 000 2699.00
3 000 2707.00
2 000 2711.00
3 000 2715.00
4 000 2715.00
1 000 2719.00
2 000 2723.00
3 000 2727.00
4 000 2731.00
3 000 2739.00
2 000 2743.00
1 000 2747.00
4 000 2747.00
2 000 2751.00
3 000 2755.00
2 000 2759.00
1 000 2763.00
3 000 2763.00
1 007 2771.00
4 007 2771.00
1 007 2779.00
3 007 2779.00
1 007 2787.00
4 007 2787.00
2 007 2795.00
4 007 2795.00
1 007 2803.00
4 007 2803.00
1 007 2811.00
4 007 2811.00
3 000 2819.00
2 000 2823.00
1 000 2827.00
4 000 2827.00
3 000 2835.00
2 000 2839.00
3 000 2843.00
4 000 2843.00
1 000 2847.00
2 000 2851.00
3 000 2855.00
4 000 2859.00
1 000 2863.00
1 000 2867.00
1 000 2875.00
4 000 2875.00
3 000 2879.00
1 000 2883.00
3 000 2887.00
2 000 2889.00
1 000 2891.00
4 000 2891.00
3 000 2895.00
2 000 2899.00
3 000 2903.00
1 000 2907.00
4 000 2907.00
3 000 2911.00
1 000 2915.00
3 000 2919.00
2 000 2923.00
1 000 2927.00
1 000 2931.00
3 000 2935.00
2 000 2939.00
4 000 2939.00
3 000 2943.00
2 000 2947.00
1 000 2951.00
1 000 2955.00
4 000 2955.00
3 000 2959.00
2 000 2963.00
1 000 2967.00
3 000 2971.00
4 000 2971.00
2 000 2975.00
3 000 2979.00
2 000 2983.00
4 000 2987.00
1 000 2991.00
1 000 2995.00
3 000 2999.00
1 000 3003.00
3 000 3003.00
4 000 3003.00
2 000 3011.00
3 000 3011.00
1 000 3019.00
4 000 3023.00
4 000 3027.00
1 000 3031.00
3 000 3031.00
2 000 3035.00
4 000 3035.00
1 000 3043.00
2 000 3047.00
3 000 3051.00
1 000 3055.00
1 000 3059.00
3 000 3063.00
1 000 3067.00
3 000 3067.00
4 000 3067.00
3 000 3071.00
2 000 3075.00
4 000 3079.00
1 000 3083.00
2 000 3083.00
3 000 3085.00
4 000 3087.00
2 000 3091.00
3 000 3095.00
1 000 3099.00
4 000 3099.00
3 000 3103.00
2 000 3107.00
3 000 3111.00
4 000 3115.00
1 007 3123.00
3 007 3123.00
2 007 3131.00
4 007 3131.00
1 007 3139.00
3 007 3139.00
1 126 3147.00
4 028 3147.00
3 028 3179.00
4 028 3211.00
3 028 3243.00
4 028 3275.00
3 028 3307.00
2 028 3339.00
4 000 3347.00
3 000 3349.00
4 000 3351.00
3 000 3355.00
4 000 3363.00
4 000 3367.00
1 028 3371.00
3 000 3371.00
3 000 3375.00
4 000 3383.00
3 002 3387.00
4 000 3391.00
3 000 3399.00
1 000 3403.00
2 000 3403.00
4 028 3403.00
2 000 3415.00
1 000 3419.00
2 000 3427.00
1 028 3435.00
3 000 3435.00
4 000 3435.00
4 000 3447.00
3 000 3451.00
4 000 3451.00
4 000 3459.00
1 000 3467.00
3 000 3467.00
4 028 3467.00
3 000 3479.00
2 000 3483.00
3 000 3491.00
1 028 3499.00
2 000 3499.00
4 000 3499.00
2 000 3511.00
3 000 3515.00
4 000 3515.00
2 000 3523.00
2 000 3527.00
1 000 3531.00
3 000 3531.00
1 000 3539.00
3 000 3539.00
1 000 3547.00
3 000 3547.00
1 000 3555.00
3 000 3555.00
2 000 3563.00
4 000 3563.00
2 000 3571.00
4 000 3571.00
2 000 3579.00
4 000 3579.00
2 000 3587.00
4 000 3587.00
4 000 3595.00
4 000 3599.00
3 000 3603.00
3 000 3607.00
3 000 3611.00
4 012 3611.00
3 000 3615.00
2 000 3619.00
2 000 3623.00
1 000 3627.00
1 000 3631.00
3 000 3635.00
3 000 3639.00
1 012 3643.00
2 000 3643.00
2 000 3647.00
3 000 3651.00
3 000 3655.00
3 000 3667.00
2 000 3671.00
4 000 3675.00
1 000 3679.00
3 000 3683.00
2 000 3687.00
1 000 3691.00
2 000 3699.00
4 000 3699.00
3 000 3703.00
4 000 3703.00
2 000 3707.00
3 000 3707.00
1 000 3711.00
3 000 3711.00
1 000 3715.00
2 000 3715.00
2 000 3719.00
3 000 3719.00
3 000 3723.00
4 000 3723.00
1 007 3731.00
3 007 3731.00
2 007 3739.00
4 007 3739.00
1 007 3747.00
3 007 3747.00
1 007 3755.00
4 007 3755.00
2 007 3763.00
3 007 3763.00
1 007 3771.00
4 007 3771.00
3 000 3779.00
2 000 3783.00
1 000 3787.00
4 000 3787.00
3 000 3791.00
2 000 3795.00
3 000 3799.00
1 000 3803.00
4 000 3803.00
2 000 3807.00
3 000 3811.00
2 000 3815.00
3 000 3819.00
4 000 3819.00
1 000 3827.00
4 000 3831.00
2 000 3835.00
3 000 3839.00
1 000 3843.00
3 000 3847.00
4 000 3851.00
1 007 3859.00
2 007 3859.00
3 007 3867.00
4 007 3867.00
1 007 3875.00
3 007 3875.00
2 007 3883.00
4 007 3883.00
2 007 3891.00
3 007 3891.00
1 007 3899.00
4 007 3899.00
3 000 3907.00
2 000 3911.00
1 000 3915.00
4 000 3915.00
3 000 3923.00
2 000 3927.00
4 000 3931.00
1 000 3935.00
3 000 3939.00
2 000 3943.00
3 000 3947.00
4 000 3947.00
1 000 3951.00
1 000 3955.00
1 000 3963.00
4 000 3963.00
2 000 3967.00
1 000 3971.00
3 000 3975.00
2 000 3977.00
1 000 3979.00
4 000 3979.00
3 000 3983.00
2 000 3987.00
3 000 3991.00
1 000 3995.00
3 000 3995.00
4 000 3995.00
3 000 3999.00
2 000 4003.00
3 000 4007.00
4 000 4011.00
1 000 4015.00
1 000 4019.00
3 000 4019.00
2 000 4023.00
1 000 4027.00
3 000 4027.00
4 000 4027.00
2 000 4031.00
3 000 4035.00
3 000 4039.00
1 000 4043.00
4 000 4043.00
2 000 4047.00
3 000 4051.00
2 000 4055.00
1 000 4059.00
3 000 4059.00
4 000 4059.00
1 000 4067.00
3 000 4071.00
2 000 4075.00
1 000 4079.00
1 000 4083.00
3 000 4087.00
1 000 4091.00
3 000 4091.00
4 000 4091.00
2 000 4099.00
3 000 4099.00
1 000 4107.00
3 000 4111.00
2 000 4113.00
4 000 4115.00
1 000 4117.00
4 000 4119.00
2 000 4123.00
3 000 4123.00
1 000 4131.00
3 000 4135.00
4 000 4139.00
1 000 4143.00
1 000 4147.00
3 000 4151.00
1 000 4155.00
3 000 4155.00
4 000 4155.00
3 000 4159.00
2 000 4163.00
3 000 4171.00
2 000 4173.00
3 000 4175.00
1 000 4179.00
4 000 4183.00
2 000 4187.00
3 000 4191.00
1 000 4195.00
3 000 4199.00
4 000 4203.00
1 008 4211.00
4 008 4219.00
1 008 4227.00
4 008 4235.00